"big-5-reserved-bits": {
    "title": "5 Reserved Bits, Symbol Length 4, 0.35 <= GC <= 0.65, Max Run Length: 8",
    "xlabel": "Input Error Rate",
    "ylabel": "Output Error Rate",
    "x": [
        0.00075,
        0.0017499999999999998,
        0.00475,
        0.00475,
        0.0072499999999999995,
        0.008,
        0.012,
        0.0125,
        0.0165,
        0.017,
        0.017,
        0.00075,
        0.0022500000000000003,
        0.0032500000000000003,
        0.00475,
        0.0055000000000000005,
        0.011000000000000001,
        0.010249999999999999,
        0.014750000000000001,
        0.01925,
        0.022000000000000002,
        0.01775,
        0.001,
        0.0025,
        0.0032500000000000003,
        0.0055000000000000005,
        0.01125,
        0.011000000000000001,
        0.01275,
        0.0165,
        0.0155,
        0.0175,
        0.02,
        0.001,
        0.003,
        0.0032500000000000003,
        0.006,
        0.0115,
        0.01075,
        0.01225,
        0.01275,
        0.01675,
        0.01625,
        0.018000000000000002,
    ],
    "y": [
        0.0,
        0.0,
        0.0,
        0.0,
        0.0,
        0.0,
        0.0,
        0.0003333333333333334,
        0.0003333333333333334,
        0.0003333333333333334,
        0.001,
        0.0,
        0.0,
        0.0,
        0.0,
        0.0,
        0.0,
        0.0006666666666666668,
        0.0,
        0.0013333333333333335,
        0.001,
        0.0,
        0.0,
        0.0,
        0.0,
        0.0,
        0.0003333333333333334,
        0.0003333333333333334,
        0.0,
        0.0003333333333333334,
        0.0,
        0.0003333333333333334,
        0.0,
        0.0,
        0.0,
        0.0,
        0.0,
        0.0,
        0.0,
        0.0006666666666666668,
        0.0,
        0.0,
        0.0,
        0.0003333333333333334,
    ],
},